360
0010
0000
0010
0010
0100
0000
1000
0000
0010
0000
0010
0010
0100
0000
1000
0000
0000
0000
0010
0000
0010
0000
0100
0000
1000
0000
1000
0000
1000
0000
0000
0000
0010
0000
0010
0010
0100
0000
1000
0000
0010
0000
0010
0010
0100
0000
1000
0000
0000
0000
0010
0000
0010
0000
0100
0000
0001
0000
0001
0000
0001
0000
0000
0000
0010
0000
0010
0010
0100
0000
1000
0000
0010
0000
0010
0010
0100
0000
1000
0000
0000
0000
0010
0000
0010
0000
0100
0000
1000
0000
1000
0000
1000
0000
0000
0000
0010
0000
0010
0010
0100
0000
1000
0000
0010
0000
0010
0010
0100
0000
1000
0000
0000
0000
0010
0000
0010
0000
0100
0000
0001
0000
0001
0000
0001
0000
0000
0000
0010
0000
0010
0010
0100
0000
1000
0000
0010
0000
0010
0010
0100
0000
1000
0000
0000
0000
0010
0000
0010
0000
0100
0000
1000
0000
1000
0000
1000
0000
0000
0000
0010
0000
0010
0010
0100
0000
1000
0000
0010
0000
0010
0010
0100
0000
1000
0000
0000
0000
0010
0000
0010
0000
0100
0000
0001
0000
0001
0000
0001
0000
0000
0000
1000
0100
1000
0100
1000
0100
1000
0100
0001
0010
0001
0010
0001
0010
0001
0010
0001
0010
0000
0010
0010
0100
0000
1000
0000
0010
0000
0010
0010
0100
0000
1000
0000
0000
0001
0000
0010
0000
0100
0000
2000
3000
3000
4000
2000
3000
3000
4000
0200
0300
0300
0300
0300
0400
0001
0000
0020
0030
0030
0030
0030
0030
0030
0040
0000
0000
0001
0000
0010
0000
0100
0000
0020
0030
0030
0040
0020
0030
0030
0040
0020
0030
0030
0030
0030
0040
0001
0000
0200
0300
0300
0300
0300
0300
0300
0400
0000
0000
0001
0000
0010
0000
0100
0000
1000
0000
0000
0000
1000
0000
0000
0000
1000
0000
0000
0000
1000
0000
0000
0000
0200
0300
0300
0400
0020
0030
0030
0040
0020
0030
0030
0040
0002
0003
0003
0004
0010
0000
0010
0010
0100
0000
1000
0000
0010
0000
0010
0010
0100
0000
1000
0000
0000
0000
0010
0000
0010
0000
0100
0000
1000
0000
1000
0000
1000
0000
0000
0000
0010
0000
0010
0010
0100
0000
1000
0000
0010
0000
0010
0010
0100
0000
1000
0000
0000
0000
0010
0000
0010
0000
0100
0000
0001
0000
0001
0000
0001
0000
0000
0000
0100
1000
0100
1000
0100
1000
0100
1000
0010
0001
0010
0001
0010
0001
0010
0001
0010
0000
0010
0010
0100
0000
1000
0000
0010
0000
0010
0010
0100
0000
1000
0000
0010
0000
0010
0010
0100
0000
1000
0000
0010
0000
0010
0010
0100
0000
1000
0000
0010
0000
0010
0010
0100
0000
1000
0000
0000
0000
0000
0000
0000
0000
0000
0000
0100
0000
0010
0000
0100
0000
1000
0000
0000
0000
0010
0000